true_coords:  [[-13.829   6.504   3.488]
 [-10.613   7.221   1.531]
 [ -9.515   5.226  -1.559]
 [ -9.557   1.419  -1.196]
 [ -6.376   0.662  -3.21 ]
 [ -5.621  -3.082  -3.057]
 [ -2.198  -4.652  -3.679]
 [ -1.617  -8.034  -1.979]
 [ -5.08   -8.789  -0.537]
 [ -4.842  -5.602   1.571]
 [ -6.793  -2.394   0.833]
 [ -4.864   0.839   1.567]
 [ -6.647   3.755   3.277]
 [ -3.569   5.905   3.992]
 [ -0.8     7.354   1.778]
 [  1.753   6.619   4.545]
 [  1.03    2.887   4.218]
 [  0.963   2.712   0.391]
 [  4.129   4.857   0.19 ]
 [  5.785   2.188   2.395]
 [  4.159  -0.951   0.898]
 [  4.937  -0.668  -2.861]
 [  8.304   0.776  -1.772]
 [  9.014  -2.402   0.232]
 [  7.279  -5.066  -1.891]
 [  8.638  -3.621  -5.173]
 [  8.835  -7.203  -6.505]
 [ 12.235  -8.961  -6.575]] 
 
 pred_coords:  [[ -6.74141679   4.58956628   3.31284787]
 [ -7.17745878   5.7938798    4.02579363]
 [ -7.69210442   6.94439934   4.6390997 ]
 [ -8.26416942   7.99675239   5.09974891]
 [ -8.87367472   8.92342534   5.42615394]
 [ -9.50281502   9.71765462   5.6995418 ]
 [-10.13676834  10.39296342   6.02594683]
 [-10.76430421  10.97846154   6.48659604]
 [-11.37815986  11.5109264    7.09990211]
 [-11.97516633  12.02536727   7.81284787]
 [-12.55612026  12.54609598   8.52579363]
 [-13.12541146  13.08021851   9.1390997 ]
 [-13.69042942  13.6149455    9.59974891]
 [-14.26078449  14.11930545   9.92615394]
 [-14.84738937  14.54990626  10.1995418 ]
 [-15.46145459  14.85952778  10.52594683]
 [-16.11345613  15.00672368  10.98659604]
 [-16.8121352   14.96439453  11.59990211]
 [-17.56358851  14.72551068  12.31284787]
 [-18.37050229  14.30476794  13.02579363]
 [-19.23157586  13.73582216  13.6390997 ]
 [-20.14117013  13.06468753  14.09974891]
 [-21.0892041   12.34069736  14.42615394]
 [-22.06130913  11.60694276  14.6995418 ]
 [-23.03923641  10.89221404  15.02594683]
 [-24.00149953  10.20614796  15.48659604]
 [-24.92422068   9.53860064  16.09990211]
 [-25.78213821   8.86336508  16.81284787]]

Evolution complete!
Final best RMSD: 16.732